points (-2,-1) (4,2) (4,0) (2,2) (8,6)
points (38,36) (-9,-20) (35,13) (10,15) (-17,46) (9,45) (-4,50) (45,46) (26,12)
points (11,43) (34,29) (-4,11) (-5,-20) (4,12) (45,20) (40,-18) (25,36) (25,1) (-7,2) (-14,5) (25,2) (8,0) (-13,42) (27,-14) (46,-11) (-19,-9) (2,42) (-17,16) (13,5)
points (-14,2) (33,-8) (-4,-8) (38,50) (-17,5) (-18,46) (-7,40) (21,7) (6,-2) (18,-6) (-15,6) (19,15) (17,44) (4,39) (36,-2) (2,22) (36,-17) (-6,16) (33,-15) (12,24) (-14,-9)
points (-8,28) (48,33) (7,4) (-11,0) (16,-20) (46,-3) (-20,50) (41,40) (38,-2) (4,30) (47,47) (36,36) (48,12) (16,18) (29,-20) (3,27) (-15,42) (-15,24) (30,7)
points (-12,18) (14,6) (35,12) (45,20) (44,-15) (-6,-15) (36,24) (20,32) (29,-15) (34,10) (14,21)
points (29,43) (5,10) (30,21) (24,35) (4,36) (21,32) (13,0) (43,22) (19,3) (33,-3) (44,5) (17,16) (9,45) (33,25) (-18,20) (23,34) (34,20) (2,16) (15,-7) (3,-3) (-2,17) (50,49) (32,49) (48,27) (21,29) (-11,-9) (22,-5) (31,21) (30,22) (2,27)
points (39,-19) (-4,-6) (10,-8) (-14,47) (10,-7) (49,-9) (19,-4) (-19,19) (-16,14) (33,-10) (40,7) (50,37) (17,14) (34,5) (-7,10) (41,42) (20,21) (48,29) (39,-7) (29,-9) (34,7) (18,-7) (8,16)
points (34,30) (-20,22) (15,-12) (0,23) (-11,-2) (5,18) (22,25) (22,33) (50,48) (18,13) (-9,22) (-1,-17) (7,45) (0,42) (40,3) (8,40) (9,47) (45,-10) (16,17) (-19,8) (-15,-10) (19,-19) (7,-19) (14,28)
points (-14,-7) (47,-15) (37,33) (-20,-16) (32,23) (9,-3) (30,9) (17,-17) (48,-16) (-20,-4) (10,5) (11,45) (48,31) (28,25) (-15,32) (32,48) (31,34) (41,-18) (22,26) (-16,16) (17,41) (4,32) (-19,6)
points (4,48) (36,25) (26,45)
