maria 3.15 jose 4 8 -1 12.7 (-1,-1) julia (-0.5,-0.5)
74.5 3.15 jose 4 8 -1 12.7 (8,2) carlos (-0.5,-0.5)
(-29,38) heul aTg 79 G (-19,14) (63,12) 0.99 (-32,4) -11 uaBKB (68,65) ja CG 0.88 0.17 ClcSS
CkF Mtt 72 -46 (18,29) cOp 0.92 50 (-44,1) PlcI 80 (-79,-13) (79,62) 0.75 (-51,25) 0.14 (57,-24) (30,15)
-46 (-14,-21) pMRKV olHI 0.87 0.73
-17 0.95 (66,10) (48,-7) 15 (36,43) 33 (-9,67) 0.25 Xv 0.9 jz H o -72 20 (-74,-23) (-80,-60) -30
64 0.38
(44,41) 0.08
rh 10 Wg 0.31 -11
(66,21) 14 0.4 (-5,47) 76 0.47 Qus (-41,-38) 0.86 (1,37) 0.57 41 BXjIY cODZ Pll kCN R 68
-79 -30 b (-69,-59)
16 XFOv mvwl (-49,-2) ZjF 0.79 NNNS D (-31,41) -47 x 55 (27,26) (-75,-76) 0.35 Su ARA
0.63 (72,-4) (79,-40) QqjLR 0.95 0.45 (-17,18) 0.76 47 0.66 VtH -37 0.78 -2 (-65,6) -63
40 eLJcv (-43,-35) 69 0.42 hwn (-8,-33) -68 Xx OXK Wg 0.9 mL t 0.23 fcsW 26 0.29 59 2 0.28 (-67,-35) -37 (-42,-76) Gl (44,14) 0.37 0.82 TsS
h EI rQWE CEdYs -42 -66 (-63,-54) -40 PpZR
(-20,59) Myh 0.5 0.42 6 0.93 -29 (-19,49) n 0.92 0.81 GOucc -36 -38 0.18 Po 36 -25 0.32 -62 (24,-51) (-51,-14) (63,71) BEtv (-32,-54) QYLMr 0.13 (-18,-8) 29
(7,80) (69,-32) Rxbqt -75 0.62 6 -40 (39,33) 0.05 qgeYC (26,-32) (-9,-42) (-17,-73) (-27,19) 0.51 0.44 (-65,18) -46 (-75,65) (-8,66) 60 (-28,61) 28 O
(39,-34) R 0.89 hqOS (-9,43) (76,-51) 0.4 0.39 lc C
-32 -47 TuKtk 0.84 7 GqImr -10 -42 0.86 (53,37) 76 0.2 -26 0.38 0.67 75 53 0.54 -73 67 -43 46 0.05 (7,72) Rhele (-57,8) 0.2 (-58,6) (-12,56)
(9,-42) -51 (-51,-63) MDt 0.67 48
GOt 0.52 (-64,-58) 51 epxj (-49,-21) 0 -25 (-56,-72) 54 -61 0.75 (27,-60) -49 -33 0.54 71 0.35 (70,-2) 0.58 0.74 -27 (-20,-11) 33 tN
0.87 0.09 0.97 (26,-50) 0.57 F 77 (-33,76) (38,-59) yCrss 76 PeLgg -76 0.01 -15 12 (12,44) 0.36
(-18,49)
(23,-24) TiQFI i pEdo 56 -5 (-6,-53) 75 0.18 jfIGF (60,46) -64 0.79 (-8,45) 0.83
-11 FQh 0.63 (46,4) 0.94 (32,6) 0.95 TI 41 (-32,-26) (-15,72) bs (22,-23) (34,63) (46,-42)
0.29 mXaU 0.76 -17 (5,68) 14 (13,-76) G wCJa gYtAy -24 (55,28) KmN (3,37) 0.99 Rd (-59,28) u (-50,24) 0.31 0.25 0.5 z M 0.35
79 16 0.24
-1 0.37 -69 65 -17 34 kQkVi i (-8,-58) 0.74 RlkU (7,51) 0.91
16 0.72 43
7 RtHvL (-80,43)
